0 0 0 0 0 0 E 0 0 0 0 0 0 0 0 0 0 0
0 0 0 0 0 0 T 0 0 0 0 0 0 0 0 0 0 0
0 0 0 0 0 0 H 0 0 0 0 0 0 0 0 0 0 0
0 0 0 0 0 0 E 0 0 0 0 0 0 P 0 0 0 0
0 0 0 0 V I R U S 0 0 A R R A Y 0 0
0 0 0 0 0 0 N 0 0 F 0 0 0 O 0 0 0 0
0 0 0 F I R E W A L L 0 0 T 0 0 0 0
0 0 0 0 0 0 T 0 0 O 0 V 0 O 0 0 0 0
0 0 0 0 0 B 0 0 0 P 0 E N C R Y P T
P H I S H I N G 0 P 0 R 0 O 0 0 0 0
0 0 0 0 0 T 0 I 0 Y 0 S 0 L I N U X
0 R 0 0 0 0 0 G 0 D 0 A 0 0 0 0 0 0
0 O 0 0 0 0 M A C I N T O S H 0 0 0
0 U 0 0 0 0 0 B 0 S 0 I 0 E 0 0 0 0
0 T 0 0 0 0 0 Y 0 K 0 L 0 R 0 0 0 0
0 E 0 0 0 0 0 T 0 0 0 E 0 V 0 0 0 0
0 R U N T I M E 0 0 0 0 0 E 0 0 0 0
0 0 0 0 0 0 0 0 0 0 0 0 0 R 0 0 0 0