0 0 0 0 0 0 0 0 0 0 0 0 F 0 0 0 0 0 0 0
0 0 0 0 0 0 0 0 0 0 0 0 O 0 0 P 0 0 0 0
0 0 0 0 0 0 0 0 0 0 S M O G 0 O 0 0 0 0
0 0 0 B 0 0 0 0 0 0 0 0 T 0 A L G A E 0
0 0 0 I 0 0 0 0 0 0 B 0 P 0 0 L 0 0 0 0
G 0 0 O Z O N E 0 0 R 0 R 0 0 U 0 0 0 0
R 0 0 D 0 0 0 0 0 0 A C I D 0 T 0 0 0 0
E 0 0 E 0 0 0 0 0 0 Z 0 N 0 0 A 0 G 0 0
E 0 0 G 0 0 P 0 0 0 I 0 T H U N B E R G
N O N R E N E W A B L E 0 0 0 T 0 O 0 0
H 0 0 A 0 0 S 0 0 0 0 0 0 0 0 0 0 T 0 0
O 0 0 D 0 0 T 0 0 0 0 0 0 B E N T H I C
U 0 0 A 0 0 I 0 0 0 0 0 0 0 R 0 0 E 0 0
S 0 0 B 0 0 C 0 0 0 K Y O T O 0 0 R 0 0
E 0 0 L 0 0 I 0 0 0 0 0 0 0 S 0 0 M 0 0
0 0 0 E 0 0 D 0 0 0 0 0 0 0 I 0 0 A 0 0
0 0 0 0 0 0 E 0 0 0 0 0 0 0 O 0 0 L 0 0
0 0 0 0 0 0 0 0 0 0 0 0 0 0 N 0 0 0 0 0